<?xml version="1.0"?>
<opencv_storage>
<DAVIS346_00000133>
  <camera_matrix type_id="opencv-matrix">
    <rows>3</rows>
    <cols>3</cols>
    <dt>d</dt>
    <data>
      2.5990781754302105e+02 0. 1.5498993359418415e+02 0.
      2.5794624069819366e+02 1.1498744146164572e+02 0. 0. 1.</data></camera_matrix>
  <distortion_coefficients type_id="opencv-matrix">
    <rows>5</rows>
    <cols>1</cols>
    <dt>d</dt>
    <data>
      -5.1219672628909629e-01 4.7198744460368797e-01
      -1.5977553548421185e-03 -2.9053305869271209e-03
      -3.1165396541206108e-01</data></distortion_coefficients>
  <image_width>346</image_width>
  <image_height>260</image_height></DAVIS346_00000133>
<use_fisheye_model>0</use_fisheye_model>
<type>camera</type>
<pattern_width>8</pattern_width>
<pattern_height>5</pattern_height>
<pattern_type>chessboard</pattern_type>
<board_width>9</board_width>
<board_height>6</board_height>
<square_size>30.</square_size>
<calibration_error>6.5440416376981281e-01</calibration_error>
<calibration_time>"03/02/21 17:44:07"</calibration_time>
</opencv_storage>
